ffffcbb0 ffffab40 ffffdca0 16 16 32
200 20 232 429 342 27 953 165 765 575 488 177 373 609 741 185
350 624 853 622 813 337 15 7 469 197 675 716 112 931 438 993
198 119 539 333 125 779 543 923 298 797 556 728 279 953 985 231
54 929 887 10 460 938 735 409 513 481 690 479 375 302 921 667
288 287 839 373 254 616 979 298 757 826 522 322 476 786 916 223
52 99 158 512 767 926 960 624 150 977 720 489 412 653 479 604
286 733 74 517 175 852 748 18 78 278 730 725 243 458 903 91
595 422 64 963 504 652 363 667 828 300 412 687 207 225 744 868
567 56 334 389 280 110 170 83 221 466 132 898 733 171 840 193
417 579 455 10 844 12 678 523 788 690 630 212 385 873 948 187
996 784 689 964 530 95 629 228 400 397 736 616 809 365 529 930
510 713 858 956 374 983 707 912 526 387 918 551 978 462 155 328
996 910 661 571 596 750 645 927 626 471 694 777 904 94 296 438
963 360 553 458 315 548 848 826 25 24 108 7 121 167 493 564
480 49 521 963 24 403 266 922 929 320 910 163 394 656 839 588
816 289 267 757 302 307 871 456 366 392 640 310 431 476 458 367
920 49 685 169 763 854 908 390 133 433 736 911 62 730 685 758 668 891 642 514 837 333 839 268 580 748 10 770 323 189 843 249
43 919 857 184 408 288 51 315 552 529 204 277 796 237 425 290 376 22 373 980 368 849 647 228 28 274 626 587 694 883 574 922
833 593 117 47 724 896 312 112 519 257 866 637 430 176 789 801 819 466 532 289 680 319 329 273 326 317 345 315 776 213 644 369
67 938 833 685 818 182 65 7 165 191 186 487 433 859 32 875 438 936 711 163 269 519 444 307 577 146 773 393 280 147 110 775
545 511 285 147 504 195 592 654 639 69 381 442 384 375 778 832 625 303 646 976 502 538 152 809 213 499 199 844 718 430 394 132
90 266 505 369 470 830 467 982 120 323 809 703 569 891 483 263 867 136 130 689 620 7 749 389 924 503 128 581 315 885 986 864
783 386 669 871 45 223 868 655 806 311 888 126 380 887 435 497 140 929 561 149 806 407 291 765 883 750 46 404 935 880 204 435
263 679 242 293 733 895 801 73 385 555 640 687 386 619 754 831 677 876 628 326 349 225 970 554 597 457 123 929 314 328 506 741
891 186 598 162 677 837 876 907 874 39 147 714 27 424 160 62 38 561 932 770 249 29 43 412 55 839 509 427 130 452 107 485
123 338 330 127 126 889 996 262 9 905 632 118 150 413 206 497 502 799 823 691 73 163 132 963 44 736 38 524 170 556 126 340
366 263 783 421 39 972 968 818 621 995 70 236 779 546 506 175 142 262 335 646 101 52 390 102 602 452 61 730 624 721 981 178
820 786 443 161 481 245 362 919 727 540 351 757 812 24 277 871 822 390 482 550 487 663 874 463 793 452 306 142 860 570 919 447
247 354 552 590 691 716 649 181 670 237 650 950 783 198 104 866 893 711 962 970 20 276 166 876 474 127 789 512 119 575 556 258
892 647 333 299 318 705 829 724 819 941 519 514 636 356 865 408 267 522 453 57 671 484 220 214 525 334 206 407 49 216 804 997
798 274 153 535 346 309 270 403 565 204 30 192 724 939 274 17 345 975 853 852 277 654 50 84 81 552 701 53 937 822 711 550
259 234 902 363 470 935 172 811 789 274 935 151 270 162 409 949 87 452 737 980 89 2 42 64 535 493 402 792 480 728 621 542

