ffff001c fffe00c0 ffffaaa4 64 128 32
113 575 825 865 134 494 747 476 503 755 628 699 146 564 278 266 360 388 455 108 363 5 897 340 426 461 459 962 939 937 73 369 608 192 826 606 845 721 25 875 200 710 311 765 466 739 694 611 222 90 185 16 127 881 282 411 830 295 363 725 21 906 650 154 622 397 383 707 783 496 583 43 162 880 878 521 79 737 385 134 390 193 58 160 282 134 559 661 663 635 141 228 872 55 600 65 122 566 646 63 845 93 566 43 300 560 939 638 3 542 893 395 304 31 562 106 317 653 96 180 621 49 279 128 253 63 541 373
557 460 905 609 183 479 564 218 399 822 397 987 971 530 444 609 581 950 481 390 47 948 710 406 343 649 402 48 179 770 72 471 942 847 975 18 508 246 387 337 882 51 292 481 49 542 245 577 477 910 199 54 777 229 967 900 805 92 430 886 923 713 776 568 6 573 40 466 20 219 825 752 814 710 727 464 21 578 488 987 119 646 933 872 138 400 581 342 929 345 652 272 853 890 919 294 581 32 348 561 712 381 584 470 202 39 640 88 998 332 44 879 580 438 497 125 483 291 319 763 504 456 650 39 288 696 980 401
674 159 283 487 832 644 886 853 159 822 798 168 813 894 235 413 35 414 541 61 956 664 556 85 733 482 378 59 108 448 423 459 166 203 989 91 651 849 869 843 973 460 569 98 626 583 900 868 837 943 7 968 724 670 958 578 989 326 386 172 451 164 624 922 112 490 514 798 234 530 420 273 803 592 153 700 548 880 23 414 746 775 745 566 980 462 100 171 755 436 756 490 474 19 247 672 441 359 202 928 669 386 339 631 986 171 583 71 787 423 341 33 625 137 130 846 939 47 78 840 685 37 471 324 132 654 332 99
24 991 229 377 299 38 178 221 497 995 721 274 808 551 36 134 515 98 905 305 842 665 364 216 307 432 42 259 863 99 440 556 70 348 907 241 492 808 937 235 185 875 32 647 795 525 509 941 631 44 648 176 184 484 486 821 326 469 119 847 435 852 809 978 962 701 77 119 641 943 832 984 73 464 813 260 27 307 608 101 294 902 998 656 790 65 580 757 86 844 645 680 105 569 664 887 29 634 945 580 698 620 527 365 594 428 422 387 505 480 398 848 231 913 963 220 667 663 606 17 338 726 164 782 385 65 678 225
399 44 553 232 334 405 902 466 52 510 588 106 557 396 925 996 347 92 383 307 688 999 132 177 707 666 820 448 578 388 969 521 215 602 3 883 782 637 53 655 926 766 104 698 462 496 919 554 417 535 626 860 445 416 246 469 992 225 53 479 549 210 643 191 654 292 769 845 761 969 293 956 800 797 593 178 828 219 322 578 858 882 500 328 553 490 485 476 866 274 439 875 113 668 18 467 371 179 153 934 552 827 380 48 972 746 814 604 520 629 296 779 494 854 805 127 189 421 599 904 177 997 619 444 415 824 96 772
895 870 757 701 459 26 523 660 303 837 289 462 426 791 983 759 92 946 710 945 248 642 790 807 644 658 63 426 622 673 860 580 162 517 316 435 273 310 683 176 140 70 905 513 457 624 441 396 989 967 749 669 723 744 240 130 163 762 76 332 623 596 741 785 211 584 862 160 579 120 498 332 928 526 686 21 318 512 245 299 464 267 755 229 789 479 47 937 504 428 331 644 634 979 389 868 562 80 563 404 984 287 594 752 526 828 648 986 432 767 115 356 206 48 393 751 719 64 57 107 608 552 258 880 126 829 435 429
304 325 115 198 888 643 506 411 660 913 711 607 552 630 291 111 774 750 461 404 273 106 336 482 294 343 731 993 827 83 191 187 701 949 582 312 949 876 289 407 770 492 627 662 453 36 693 995 905 427 521 788 2 445 395 412 783 552 612 207 795 676 417 752 960 130 628 712 77 139 681 186 634 125 444 821 864 82 225 490 207 145 804 542 482 313 194 210 710 11 671 17 267 864 393 314 626 123 213 175 976 512 633 853 201 380 346 333 377 23 703 266 927 48 301 276 779 103 908 236 577 329 970 353 350 439 543 954
418 192 665 909 143 769 313 96 66 674 45 878 71 579 463 580 257 822 374 100 514 438 467 273 832 425 175 181 866 50 811 104 929 450 377 930 562 80 337 954 994 966 389 407 515 398 521 39 495 237 982 631 570 567 942 923 28 299 549 670 431 40 286 83 463 784 107 685 776 308 537 893 92 761 59 610 604 289 342 909 110 68 917 685 617 737 157 672 893 960 652 28 918 986 342 797 891 162 144 895 49 14 729 959 942 337 29 677 491 523 140 268 449 940 267 349 351 52 153 897 26 262 412 430 991 550 500 572
797 329 681 248 207 916 409 785 464 360 413 769 815 996 812 622 798 252 256 217 189 848 648 558 204 608 589 22 337 166 801 785 638 108 204 472 631 432 289 195 987 966 617 318 545 837 471 289 549 716 404 847 643 622 347 503 842 171 775 986 901 122 427 236 510 867 803 727 892 138 66 60 15 137 651 955 905 565 212 245 503 124 367 304 712 29 170 699 997 977 394 475 418 704 84 309 916 519 629 980 652 305 346 910 923 171 890 586 606 164 274 820 868 45 329 156 421 189 718 700 133 825 470 377 649 58 155 508
537 55 201 633 831 365 259 623 496 371 469 617 688 779 955 461 491 590 610 171 817 151 341 712 353 827 92 84 841 327 7 224 389 243 105 588 606 446 611 200 925 658 198 425 913 713 694 967 628 719 827 389 741 354 73 528 401 408 714 723 571 280 922 202 431 932 756 790 945 373 428 529 43 727 412 122 366 270 146 259 177 401 194 353 752 702 160 364 967 767 89 159 671 916 467 306 263 513 938 615 839 129 948 81 321 50 47 92 626 75 953 913 208 683 528 344 507 260 836 715 72 720 570 761 692 91 586 752
894 922 731 710 769 858 93 450 640 947 639 686 291 54 970 88 129 926 478 842 150 555 12 39 687 556 875 398 283 430 511 412 972 175 583 461 774 400 534 114 520 283 788 762 985 458 965 298 293 32 754 903 80 275 583 838 649 178 254 145 347 411 386 973 16 65 6 754 687 60 390 906 656 697 462 910 893 532 994 941 227 451 670 479 489 501 127 273 209 34 858 113 277 749 571 780 491 463 344 446 59 766 231 546 81 446 925 227 151 918 257 538 28 942 137 329 362 544 739 856 789 117 598 613 256 545 642 529
964 786 309 665 235 908 608 106 306 25 41 777 758 719 939 729 272 346 131 950 171 876 891 450 149 962 292 998 29 601 159 804 948 992 678 506 119 40 753 10 948 10 43 895 898 431 438 506 870 742 227 806 412 897 343 809 762 953 819 820 59 412 363 5 827 355 57 803 102 177 882 569 494 289 457 887 85 247 603 981 911 362 67 97 907 936 535 803 436 715 355 135 603 866 476 723 392 459 887 426 833 960 427 448 145 295 413 559 84 54 266 153 658 143 658 63 203 16 355 425 458 486 980 735 709 548 403 832
308 198 977 912 519 27 268 967 205 539 869 688 690 901 708 375 712 635 840 375 866 322 675 251 685 285 534 683 680 505 801 394 414 246 429 373 393 876 734 494 617 541 619 858 485 762 655 583 385 937 517 515 257 732 816 513 148 669 529 13 845 641 236 58 190 355 949 121 174 235 135 589 269 902 53 317 309 311 53 905 92 686 425 625 527 288 80 794 824 512 5 259 787 629 798 591 526 819 840 435 143 991 0 627 922 301 165 352 259 379 597 517 889 604 669 426 780 726 684 800 257 533 834 158 419 996 718 115
948 480 237 637 836 728 538 873 976 194 474 220 991 495 358 482 545 650 647 301 754 709 597 585 702 924 256 21 372 734 515 404 624 26 342 13 812 422 939 943 239 581 403 681 648 346 466 522 164 936 896 444 599 61 233 94 287 262 808 58 71 764 87 587 899 151 722 588 655 514 613 109 925 775 674 999 703 84 192 403 25 279 248 245 563 70 226 623 550 130 928 283 964 933 617 376 221 97 241 658 742 371 414 691 125 168 838 406 811 22 560 318 49 878 136 602 615 416 423 587 896 425 586 449 754 17 433 139
981 487 131 486 937 521 648 200 333 694 47 638 261 631 506 810 564 709 822 913 818 244 351 292 912 121 812 508 474 952 383 596 675 650 224 306 895 956 602 966 989 67 821 934 757 79 486 777 769 293 172 778 421 626 292 624 587 204 312 220 107 907 995 586 513 296 880 156 65 525 779 203 103 846 440 735 866 998 868 233 808 693 345 375 768 24 205 360 788 273 548 8 966 673 245 70 268 148 595 277 383 611 365 480 160 599 321 521 876 877 4 83 930 589 636 774 690 600 34 396 785 401 122 106 850 739 629 360
431 3 697 877 576 687 295 21 218 743 246 508 868 203 462 583 559 134 407 89 44 745 403 979 490 811 161 480 352 55 19 656 128 207 811 203 396 456 417 633 45 469 992 879 178 89 26 341 758 95 81 934 477 940 456 479 992 199 929 531 87 200 40 278 591 647 463 241 620 782 99 478 281 50 7 556 933 645 392 621 232 16 218 662 894 664 713 150 483 110 522 467 928 211 66 129 997 291 942 173 48 457 853 370 973 532 804 497 54 73 777 270 92 521 674 824 991 557 982 833 98 399 99 464 307 826 386 771
394 884 673 992 503 970 712 478 41 45 189 863 180 341 843 257 859 243 905 782 951 419 983 256 614 930 422 201 375 404 737 346 5 249 910 354 298 968 618 322 350 493 340 318 280 271 936 438 924 429 431 326 518 515 188 499 910 183 83 559 613 537 837 887 695 754 743 491 841 28 36 309 868 858 800 30 42 689 382 789 856 568 908 521 462 268 982 65 579 879 504 458 988 978 160 314 431 80 555 298 258 188 574 969 738 670 640 366 481 275 727 102 95 763 520 703 268 262 499 972 549 353 942 554 261 638 553 594
662 682 633 481 704 882 593 412 745 768 302 503 334 939 962 592 256 126 587 872 523 314 557 962 459 949 253 471 679 893 383 888 403 864 795 942 353 470 667 639 312 305 289 818 664 755 294 60 596 849 494 603 296 631 722 60 53 92 894 336 819 47 468 173 615 706 992 90 710 542 54 306 40 208 705 420 792 490 917 962 242 669 687 906 918 581 708 714 485 749 615 783 513 565 839 79 666 601 472 68 230 548 224 348 400 717 254 928 757 73 166 570 267 633 983 59 43 765 281 723 312 969 769 410 312 70 976 822
27 484 315 526 162 168 171 663 505 153 471 229 696 127 665 44 78 333 263 79 511 942 819 473 737 806 77 90 633 187 807 740 115 372 737 614 313 8 262 193 411 378 191 642 0 436 718 200 564 442 774 718 795 264 753 2 597 398 785 663 843 627 12 591 449 824 250 686 212 70 617 539 509 35 379 528 550 712 77 133 949 639 827 463 551 884 891 471 911 193 279 472 103 870 719 417 494 176 198 132 714 817 804 653 136 609 68 215 786 900 710 900 632 452 800 76 762 809 792 392 565 949 6 598 364 20 736 912
817 612 525 545 396 874 142 607 35 366 122 303 635 799 569 373 886 954 204 283 669 279 2 628 855 436 14 858 835 878 855 429 931 861 776 788 162 328 865 825 287 649 237 592 122 674 519 544 158 528 78 549 767 462 744 933 718 37 414 570 515 171 316 367 219 658 789 231 867 891 188 154 683 810 478 153 454 484 710 292 537 566 368 610 345 919 458 945 266 145 152 558 894 556 880 552 706 891 541 672 231 507 8 723 888 818 203 795 400 349 439 83 518 76 777 402 715 905 265 353 482 231 307 616 17 615 913 622
592 385 537 952 160 513 739 84 974 880 374 294 287 317 219 35 470 75 913 900 212 141 571 805 759 311 487 39 190 630 841 642 948 115 415 415 884 940 710 909 652 820 317 466 396 133 312 853 168 426 680 49 196 969 929 229 360 713 668 858 741 41 230 492 255 833 649 605 659 749 233 222 506 471 890 327 102 700 664 897 565 2 814 762 284 199 875 208 262 310 891 610 253 214 402 708 400 300 238 337 998 362 69 398 601 512 315 164 503 850 433 342 485 289 188 220 884 567 162 984 777 285 562 567 639 983 123 177
912 891 621 164 668 61 424 470 33 631 418 235 484 111 997 22 391 250 432 114 427 735 988 75 624 135 386 968 531 572 611 141 190 758 464 375 998 358 259 286 914 597 86 66 727 940 179 119 156 458 83 99 834 297 771 194 467 130 203 327 120 131 833 958 115 366 334 760 340 923 983 118 922 488 271 618 400 721 19 938 595 803 974 334 121 5 141 405 308 392 382 658 318 278 901 645 599 490 863 79 765 894 915 54 916 163 829 658 694 996 540 903 325 180 303 948 255 305 180 355 88 49 425 178 366 788 447 802
801 682 283 598 442 799 662 605 158 323 376 692 130 543 448 558 209 797 800 109 764 111 951 582 394 75 134 143 760 598 783 380 754 342 658 851 258 92 978 565 784 682 432 654 948 993 430 798 448 479 95 417 201 959 965 740 679 992 675 9 19 339 205 989 825 879 884 576 894 927 134 452 339 31 45 289 179 211 622 641 418 521 118 512 606 79 184 606 346 328 282 736 688 107 689 819 631 780 921 779 53 383 546 299 311 475 631 309 111 219 609 757 366 67 395 1 346 401 551 76 897 225 786 555 566 622 963 719
123 614 97 436 464 237 150 330 755 892 670 162 593 740 957 867 484 573 520 765 510 12 690 397 244 373 850 131 246 69 667 353 894 187 573 261 879 656 330 352 672 12 779 800 961 651 451 114 69 272 220 884 513 465 745 939 476 467 972 936 344 559 193 41 248 157 571 773 73 504 150 63 470 571 332 910 342 530 555 996 593 476 751 942 492 934 236 188 553 820 247 410 499 596 382 222 56 260 684 387 79 341 658 973 196 615 610 149 121 880 718 359 168 39 737 795 374 830 971 521 842 519 67 193 607 917 520 153
902 470 801 328 488 888 886 787 2 810 958 981 242 597 602 941 544 131 402 266 649 718 438 898 120 428 728 732 589 417 113 282 475 613 944 788 381 560 10 257 521 292 14 534 368 578 553 828 116 695 498 917 522 328 806 167 266 795 286 676 693 152 647 873 639 57 435 462 629 166 494 558 489 275 556 744 491 342 665 228 218 756 913 810 995 851 761 759 873 573 933 946 350 875 60 310 665 480 425 784 361 512 483 452 745 825 959 746 92 105 716 471 522 416 135 746 860 871 672 300 405 97 925 659 89 801 198 865
698 108 201 688 265 264 799 49 378 14 358 414 443 12 696 772 414 789 180 797 164 205 124 692 429 480 887 978 926 234 967 161 522 709 813 79 748 550 20 886 275 456 795 658 303 902 583 162 379 299 201 698 980 60 379 496 993 144 969 262 668 15 414 711 96 897 980 597 546 192 168 315 805 385 373 359 761 775 32 330 548 448 644 530 403 804 991 928 251 291 228 910 379 607 35 843 788 530 182 922 884 408 717 807 671 272 28 364 392 559 683 316 758 518 95 38 786 806 119 483 224 201 249 755 916 634 614 77
71 79 35 702 778 878 121 492 522 438 296 27 565 111 856 816 420 869 664 236 809 521 978 851 883 464 982 669 391 184 311 981 593 793 219 552 732 672 286 80 110 746 777 970 135 518 391 573 652 403 601 644 871 173 698 70 601 218 213 492 171 42 806 778 409 230 14 593 576 96 331 404 130 68 671 786 519 957 504 756 678 338 216 520 165 611 854 765 93 911 557 567 721 383 691 45 216 729 996 217 401 309 824 184 151 428 10 803 157 603 467 117 667 666 887 319 674 609 774 216 13 765 693 744 688 312 78 246
581 239 877 784 13 240 317 724 380 555 427 853 976 792 928 64 123 225 125 304 335 178 466 286 657 86 439 69 817 164 991 429 17 186 434 622 84 672 810 216 202 560 616 504 465 788 287 821 261 865 737 172 715 179 922 729 498 489 906 631 572 131 670 298 140 145 41 866 239 853 983 971 640 795 106 59 135 784 929 500 402 281 133 427 335 478 582 415 344 135 38 486 976 869 340 140 509 164 371 318 894 727 36 654 591 229 794 863 987 131 148 868 809 946 552 4 970 562 334 569 946 727 915 193 541 499 439 365
788 372 233 584 256 863 849 585 895 69 638 925 812 181 226 742 83 643 834 113 493 151 818 303 697 281 145 514 108 764 321 35 587 976 729 473 790 60 518 132 495 371 200 290 195 375 657 362 768 468 883 696 496 590 818 313 628 893 936 15 469 872 856 263 847 960 333 64 984 279 588 87 511 504 334 745 976 384 387 552 47 829 204 202 594 454 407 718 180 668 864 465 512 960 598 352 995 389 348 407 117 406 817 361 704 611 34 577 250 808 574 24 744 911 131 279 964 944 799 920 201 789 801 368 843 555 545 424
20 334 373 52 957 259 950 683 242 148 355 41 441 408 596 841 92 977 833 383 269 490 964 277 642 521 988 268 865 417 683 485 861 715 146 520 601 350 412 437 164 652 185 130 927 639 44 189 963 68 310 401 198 918 84 966 167 366 727 908 768 698 211 664 92 764 698 139 97 581 841 127 687 898 243 876 409 653 957 138 636 70 931 495 998 516 257 515 545 446 155 770 464 15 777 673 697 722 429 133 820 858 863 609 667 46 619 511 850 227 825 577 32 649 358 559 638 730 97 875 720 425 777 604 962 376 477 648
302 676 571 70 403 173 549 626 599 32 464 2 464 367 887 585 479 781 625 994 414 938 902 816 971 973 391 899 222 483 390 541 400 491 188 181 501 284 418 740 155 801 226 590 27 244 63 292 175 984 58 168 341 675 183 760 827 380 167 110 299 738 815 959 433 110 640 971 795 809 976 701 344 680 26 252 572 719 489 712 267 92 355 720 996 478 132 948 384 942 335 967 202 700 957 95 713 21 191 448 988 595 406 542 654 238 974 930 619 50 517 518 1 249 810 492 978 202 228 44 681 801 729 164 266 89 313 262
960 488 633 588 809 651 644 23 676 121 855 840 783 956 948 198 34 141 249 130 912 7 329 527 862 111 12 671 548 858 291 425 765 392 895 871 10 912 538 647 875 60 981 936 632 317 564 128 965 770 399 947 141 374 810 303 16 103 680 654 200 118 747 139 432 852 199 512 598 474 456 880 427 788 33 136 64 478 830 804 963 447 516 295 874 549 727 90 103 90 61 321 93 374 522 307 834 836 370 233 142 897 910 768 611 355 985 634 460 406 963 73 675 261 224 30 502 638 121 497 258 623 315 850 123 592 670 256
787 89 65 256 697 438 932 712 115 656 951 356 999 533 89 672 86 379 747 207 514 209 478 252 722 870 738 383 212 438 464 363 282 202 539 238 112 208 466 768 36 363 105 967 111 988 857 689 123 281 605 388 118 525 967 203 678 775 386 106 605 968 857 428 880 775 879 410 490 320 977 807 110 925 689 98 20 58 60 100 819 223 918 171 849 10 276 317 415 827 451 169 505 932 784 835 620 489 239 438 496 276 71 127 712 637 309 191 975 423 9 465 382 774 406 53 196 16 774 380 165 361 189 693 901 780 628 855
879 567 137 488 281 278 877 70 395 571 407 348 480 764 927 231 427 581 621 641 974 824 275 366 263 954 224 837 348 352 759 345 976 777 159 233 790 454 436 941 814 647 486 482 830 152 792 967 211 68 948 673 24 641 349 836 989 564 709 499 116 950 992 818 104 736 488 849 223 858 771 324 570 26 418 937 810 587 27 361 861 972 833 459 673 139 474 702 728 626 930 5 805 272 823 136 863 67 604 712 571 708 889 458 902 483 603 865 299 766 736 685 682 340 862 512 42 615 116 531 808 185 9 260 736 13 267 283
260 474 891 470 83 452 944 705 155 571 113 849 362 544 543 867 385 532 913 848 43 828 722 709 660 835 360 832 557 726 22 597 175 437 29 506 566 160 143 543 385 385 548 515 391 705 984 187 787 453 468 219 75 234 419 42 893 174 537 865 867 426 231 532 898 53 530 477 781 602 301 37 519 333 340 685 569 729 811 44 416 782 69 881 98 913 785 155 987 421 154 399 131 289 255 202 890 889 738 471 352 241 292 907 590 135 521 456 32 793 760 191 135 815 398 57 562 946 147 560 133 565 661 817 997 955 436 765
490 130 366 848 854 470 363 457 877 592 723 660 245 464 15 36 984 857 662 13 704 268 281 888 323 912 569 400 207 457 335 574 672 502 420 240 655 840 50 415 693 743 411 864 464 7 744 571 181 523 437 443 791 816 643 661 798 310 294 4 228 290 656 796 588 279 45 478 684 831 33 788 597 244 111 374 128 612 260 139 275 741 130 315 109 381 441 981 134 917 11 149 82 342 159 489 263 277 146 131 821 387 512 545 254 528 952 764 310 401 161 742 533 752 751 871 970 523 563 305 314 207 802 931 50 966 981 59
897 390 297 808 809 845 599 702 199 338 895 811 33 190 960 498 321 338 371 782 711 890 649 281 731 427 506 341 435 673 776 803 561 60 372 82 577 236 391 163 914 963 498 563 114 953 154 344 415 598 126 991 156 131 252 69 416 674 868 716 565 671 882 369 968 271 537 500 148 288 430 952 516 1 155 803 161 364 453 872 768 169 57 947 224 285 138 556 578 818 926 288 562 329 617 757 541 317 634 877 267 122 13 748 767 366 553 821 501 487 19 561 204 237 730 834 788 89 596 912 297 45 89 865 264 710 983 622
273 808 262 764 470 89 581 512 835 513 283 103 327 616 691 709 418 833 314 572 47 205 59 959 524 83 61 687 607 38 195 974 867 663 388 218 84 398 860 396 991 211 467 178 246 209 596 498 587 997 577 816 922 459 173 874 691 971 914 34 248 234 989 939 364 811 582 727 925 487 956 136 220 539 592 542 499 113 240 1 454 618 120 960 660 139 108 489 31 61 785 617 402 145 476 230 516 563 707 123 139 494 259 356 378 585 978 427 741 177 414 874 940 591 605 666 766 691 943 683 256 17 176 189 775 547 522 447
946 703 995 133 819 946 75 263 192 821 777 336 493 872 822 661 372 892 298 567 463 725 205 530 413 48 889 6 92 144 206 845 151 632 278 295 392 300 923 723 334 960 205 975 226 366 616 257 719 810 61 799 841 80 176 916 263 137 322 756 411 337 56 498 570 524 916 343 535 707 74 182 117 25 614 86 509 523 468 216 356 176 592 233 705 453 815 618 902 116 245 166 508 917 816 364 516 101 405 518 955 247 714 977 957 657 884 382 630 600 962 904 301 366 650 247 121 307 66 764 369 593 953 702 183 141 447 524
940 163 306 332 610 697 10 564 981 199 32 543 900 84 666 578 207 605 826 183 481 962 321 369 576 25 878 562 27 424 355 642 739 821 545 497 20 224 578 750 654 379 136 520 192 88 829 613 908 356 618 890 897 202 420 571 844 108 515 915 656 878 933 806 144 195 579 228 963 692 250 697 152 469 341 771 97 954 217 275 340 163 745 720 807 508 955 320 901 152 194 737 711 775 485 919 332 253 1 14 468 661 842 987 985 750 928 950 536 421 743 642 614 418 135 761 374 215 430 761 346 479 842 667 856 852 604 542
351 508 465 775 593 852 851 21 612 349 471 754 684 150 72 452 19 522 940 836 316 428 101 86 188 488 451 155 10 236 256 587 424 15 461 239 722 912 755 319 127 706 380 847 974 271 82 791 179 186 984 738 842 642 904 911 378 124 381 79 118 983 699 550 648 910 843 334 191 953 947 56 499 270 197 860 861 303 567 636 661 667 387 835 487 281 760 435 437 641 56 360 683 382 331 119 526 106 765 492 895 480 107 226 639 336 996 467 363 230 837 546 673 68 101 623 507 929 267 748 597 841 733 654 698 344 74 30
971 58 978 880 522 156 828 475 796 976 216 306 213 196 886 739 833 501 911 174 720 403 779 520 193 604 266 817 410 477 759 906 767 838 833 939 713 414 916 804 929 342 360 986 709 274 689 13 858 390 735 528 427 142 94 80 273 353 344 512 164 318 202 260 641 758 748 309 972 4 397 333 871 899 70 923 939 464 366 57 415 8 254 460 495 50 926 340 454 520 720 604 256 97 434 188 657 211 970 134 522 448 741 534 325 351 745 197 942 460 861 143 37 866 53 251 274 960 41 99 296 921 280 926 541 977 705 674
592 900 883 829 612 657 406 534 940 784 689 695 855 120 957 199 207 92 778 149 444 863 817 279 534 613 210 884 131 275 174 590 94 74 399 12 281 704 295 46 4 296 734 507 302 995 496 272 739 55 375 674 638 447 685 150 473 499 524 782 164 241 289 623 682 292 798 569 826 124 528 902 908 294 616 223 930 566 462 995 625 506 154 314 816 328 453 873 129 491 840 734 565 586 642 350 53 658 424 125 566 613 440 54 757 498 832 940 411 471 357 121 34 669 565 60 425 51 448 424 157 886 141 818 521 647 577 3
310 588 222 272 382 332 49 574 990 709 780 490 978 817 366 55 470 617 279 409 242 87 680 970 853 682 170 851 6 758 119 862 430 811 734 641 874 63 354 654 760 966 389 672 815 329 353 792 148 500 176 825 226 837 140 497 154 498 345 921 484 649 42 631 565 830 801 298 201 57 339 605 322 158 723 328 201 737 702 443 389 481 360 276 202 396 268 875 404 27 841 316 980 440 35 365 506 997 632 113 780 487 669 860 341 251 911 496 905 160 710 239 688 261 606 466 714 484 953 329 354 439 202 828 774 17 539 706
149 209 265 391 818 459 454 435 888 455 143 721 951 646 191 533 182 930 988 370 329 589 833 203 629 517 340 288 937 359 672 716 871 369 574 476 780 236 559 2 676 58 749 51 922 404 339 797 879 47 178 166 943 824 693 729 28 590 695 962 262 671 540 276 384 229 261 912 385 314 528 817 57 962 584 270 658 641 400 623 498 253 142 532 638 228 605 722 224 528 75 616 636 90 461 921 808 854 864 514 682 46 890 559 790 9 639 897 24 421 0 955 327 266 753 653 355 769 554 656 65 286 888 291 668 681 669 773
437 83 286 836 438 783 851 957 44 958 204 189 908 505 282 856 135 816 411 448 992 648 970 585 270 821 839 226 757 668 683 606 210 68 958 932 214 501 372 163 394 810 934 674 221 116 69 280 258 247 884 343 773 920 807 686 735 943 998 703 96 201 398 781 165 42 218 59 362 409 326 145 753 876 317 80 132 638 403 529 743 910 773 496 642 105 927 23 997 235 502 200 133 666 0 778 54 244 929 513 721 338 336 527 513 780 137 175 136 615 307 260 511 701 508 269 870 420 180 779 464 361 88 470 803 302 584 965
734 530 555 557 460 584 473 285 169 691 82 927 450 288 717 16 889 132 587 596 217 240 93 956 719 530 322 465 138 582 462 294 237 996 928 193 930 372 259 514 857 623 368 575 313 592 89 463 78 956 872 309 468 869 945 744 755 261 374 945 124 137 930 372 234 587 944 923 116 853 429 663 890 603 579 328 526 624 559 615 454 772 293 586 199 540 698 384 668 82 475 102 838 527 500 160 270 790 563 756 186 339 703 604 220 964 363 898 145 407 711 377 800 188 145 497 241 180 295 540 497 906 456 167 315 8 828 971
832 638 114 436 635 375 249 489 670 356 200 501 713 893 113 237 5 428 19 924 219 645 128 691 154 116 215 805 913 997 627 234 281 473 755 906 447 591 915 893 9 738 706 321 871 730 781 339 900 493 109 713 12 951 805 975 728 480 15 488 712 837 751 40 385 953 711 920 399 158 69 514 876 846 26 45 210 727 716 643 190 158 974 217 293 43 382 646 411 774 184 120 889 336 41 292 783 278 575 196 59 97 223 398 320 33 670 98 883 155 828 300 754 280 702 755 222 328 899 777 338 319 882 413 572 927 786 781
60 958 233 655 714 898 409 178 261 122 216 176 65 678 783 511 809 794 749 153 286 375 76 632 518 282 637 278 448 41 24 188 903 819 711 25 981 440 339 678 794 321 838 175 957 657 227 364 50 412 171 737 925 910 386 523 366 840 41 596 230 967 941 9 176 461 559 234 731 603 173 537 656 79 314 263 783 611 186 835 510 390 88 804 444 128 211 417 939 248 750 55 653 223 471 164 153 562 467 713 325 356 592 749 758 923 714 575 254 524 970 252 165 65 452 690 563 378 920 636 701 842 556 775 942 723 536 156
208 348 186 632 451 434 418 728 349 461 248 520 642 541 341 294 94 548 816 163 633 942 634 386 987 198 780 916 648 610 967 611 661 354 67 429 52 429 461 475 620 78 419 707 245 501 738 298 554 800 562 262 191 795 615 460 845 741 876 837 812 885 811 271 705 429 760 745 328 166 511 574 404 468 331 781 612 636 585 416 208 555 907 533 869 305 113 306 660 974 597 172 498 315 638 1 172 196 48 492 505 628 42 801 708 106 688 361 90 643 753 456 593 95 668 486 18 72 359 955 224 641 832 287 561 756 391 784
837 359 11 549 596 727 740 747 109 77 490 798 45 376 100 346 652 780 723 138 14 857 264 561 504 567 763 287 114 833 302 726 348 167 97 302 644 304 279 357 431 479 105 947 565 158 929 598 506 744 554 241 562 580 726 930 341 423 640 12 60 256 747 282 227 178 586 405 943 894 10 999 65 719 501 169 603 698 992 611 611 973 239 50 86 87 320 919 751 121 381 37 792 508 622 27 167 266 54 947 813 425 269 625 116 518 710 256 63 638 257 906 366 459 388 559 801 692 142 576 621 422 900 748 29 690 735 426
275 311 982 56 367 58 840 307 23 906 60 576 640 81 677 123 579 272 280 494 948 634 432 764 247 861 244 655 212 836 879 527 525 576 608 827 740 343 491 469 171 693 552 697 822 523 882 254 932 798 955 88 22 778 182 237 566 54 525 383 340 209 60 33 69 797 77 862 558 763 902 422 815 535 480 922 587 925 489 410 510 964 821 541 80 987 64 865 922 161 991 452 670 697 503 234 700 326 62 495 770 259 505 599 156 94 669 60 236 406 331 825 44 475 886 93 433 749 502 873 66 655 882 421 482 885 113 304
314 292 369 567 51 937 948 784 961 884 384 655 564 14 150 617 668 650 222 415 650 16 600 605 623 15 878 588 79 284 776 4 518 134 104 886 862 292 559 881 247 193 415 987 849 726 444 491 158 49 501 452 323 669 446 293 160 106 419 751 558 870 598 518 561 604 737 532 462 820 883 682 830 619 388 608 467 213 691 39 467 848 459 421 371 747 41 752 582 799 313 679 502 244 129 846 794 231 806 320 361 410 214 562 5 308 758 37 283 75 285 204 651 232 432 967 899 986 903 688 737 510 968 876 288 237 139 875
514 622 446 268 95 109 761 786 173 252 117 300 417 73 600 52 709 696 356 781 874 51 2 923 112 735 320 886 83 305 610 383 888 697 856 430 993 429 949 738 373 913 584 619 548 894 462 301 745 816 231 518 217 765 984 402 835 515 978 684 544 137 208 960 493 920 374 367 871 811 952 386 822 909 649 27 613 458 910 720 41 713 658 337 175 416 715 421 443 969 540 519 887 812 348 87 545 532 95 302 336 854 860 122 376 95 863 755 803 542 736 501 283 282 67 135 717 685 577 395 344 457 279 912 815 874 662 668
435 388 251 805 789 86 744 922 530 408 146 309 103 385 108 420 31 500 956 544 371 715 332 94 121 724 228 812 825 27 926 118 660 585 674 874 117 500 891 345 956 327 714 391 289 691 250 908 254 421 955 700 456 810 259 708 767 753 322 446 204 136 972 815 659 66 724 479 769 247 39 912 431 876 151 210 624 20 762 447 559 111 226 243 245 971 318 478 146 608 792 541 961 528 8 717 745 319 665 162 448 871 139 655 675 927 873 14 164 933 764 707 731 713 64 244 105 589 452 68 529 434 472 792 431 460 994 369
637 376 58 131 347 916 359 30 511 593 361 483 222 613 56 945 426 148 60 120 893 288 55 957 596 150 257 168 207 578 106 971 928 350 293 868 754 783 83 612 708 601 461 569 670 477 654 537 475 951 408 415 256 84 734 51 900 220 411 605 368 764 969 611 153 128 363 588 676 871 375 331 137 455 318 959 635 563 559 210 815 898 667 17 331 690 545 300 169 956 493 7 91 522 421 424 721 910 93 778 682 973 283 233 847 204 213 78 734 145 449 813 557 846 925 478 581 977 529 849 770 911 201 86 272 587 751 971
912 209 905 127 291 808 839 719 526 743 952 622 910 119 989 619 222 961 406 158 423 282 404 890 712 252 294 753 62 855 232 164 485 80 521 827 888 792 987 613 37 208 481 719 596 379 292 178 970 958 398 80 137 99 875 271 410 924 596 426 710 382 814 35 1 659 795 342 344 733 656 18 581 584 38 305 248 215 916 467 600 858 253 613 186 86 630 727 921 414 532 487 415 689 435 968 499 627 881 335 20 440 756 232 69 166 1 515 881 307 407 45 320 999 459 253 363 363 734 812 709 58 892 592 938 686 14 467
356 671 298 975 603 808 880 365 517 794 41 759 0 565 524 898 979 492 569 840 483 208 73 964 645 200 997 367 294 752 614 691 891 863 629 703 271 269 69 954 887 85 662 643 900 831 475 56 65 529 429 877 83 599 913 512 473 265 303 475 60 420 821 849 529 516 292 157 989 576 882 583 473 734 735 48 366 336 147 440 9 615 792 910 794 904 268 368 578 220 563 243 532 156 666 573 406 788 302 481 751 248 22 492 283 517 430 125 509 545 718 626 580 261 939 217 737 489 836 331 56 345 663 576 565 887 861 79
993 850 275 861 37 429 947 808 430 450 282 692 162 313 739 774 490 595 284 815 520 812 296 555 338 465 21 42 272 398 870 239 939 251 123 375 654 728 328 244 434 934 427 603 484 424 50 395 322 754 541 456 614 97 543 846 265 715 419 785 556 240 605 508 299 249 126 448 131 912 748 864 990 840 530 988 588 358 867 890 68 953 21 627 907 190 923 829 853 311 243 844 810 589 658 463 2 715 397 169 324 677 545 388 666 425 621 405 450 524 462 548 897 952 635 322 153 869 995 248 989 710 172 837 753 549 141 800
151 834 110 663 576 415 270 656 672 183 101 454 997 257 483 471 313 56 361 35 589 141 767 270 969 983 21 578 594 689 78 335 723 564 810 29 255 447 923 324 390 461 898 937 950 822 99 187 531 416 6 231 946 871 231 881 498 978 368 388 797 736 478 4 870 179 105 633 754 484 952 239 76 608 77 156 52 641 156 42 104 192 514 878 278 921 827 951 152 623 228 323 153 579 795 862 847 263 436 45 25 239 789 530 395 362 996 457 840 373 719 34 63 624 821 447 897 782 211 937 450 855 841 942 406 336 702 87
622 942 841 335 971 279 314 517 186 162 385 846 105 295 837 748 9 497 303 380 140 171 719 719 249 457 887 7 397 985 88 437 268 658 962 848 593 172 856 336 394 600 266 139 664 385 236 656 485 138 864 387 599 434 208 993 348 758 806 852 686 270 55 329 265 395 965 895 378 342 493 779 139 741 801 354 356 82 94 118 676 956 240 613 889 378 444 110 188 861 638 478 392 789 389 530 500 215 692 758 71 446 218 989 180 264 444 778 815 218 874 310 406 134 535 546 955 739 180 240 849 486 560 157 124 608 625 930
734 728 742 523 976 299 776 231 918 857 21 666 390 553 647 295 906 704 917 802 692 414 617 741 818 593 274 897 50 718 978 535 903 317 83 479 420 413 589 353 160 56 419 779 531 776 775 795 49 706 387 573 789 530 169 22 223 223 853 209 593 272 650 938 350 215 514 882 451 461 67 627 891 174 590 613 638 807 297 344 346 261 775 250 493 303 238 147 601 495 434 343 433 117 288 923 755 429 205 28 215 810 64 909 431 834 390 936 206 188 469 599 486 32 50 498 309 486 367 531 128 537 983 281 43 29 756 554
279 279 83 413 341 988 886 175 43 205 435 947 452 161 995 871 28 763 941 949 229 918 155 712 387 326 606 512 687 481 366 87 186 397 980 340 952 452 588 752 631 302 245 888 384 125 563 826 477 207 78 971 804 671 348 576 835 845 933 491 116 335 646 593 379 960 24 10 262 889 137 625 740 613 100 501 33 713 77 942 905 963 391 204 842 746 905 436 872 694 966 716 875 922 340 34 939 455 480 967 975 843 255 130 322 778 952 963 687 947 353 660 95 175 639 255 713 533 770 884 1 482 767 113 763 727 176 720
585 683 138 419 284 322 109 187 736 910 281 489 427 14 727 700 472 764 950 237 502 659 567 703 134 360 770 652 909 168 794 851 910 219 159 846 477 799 547 371 215 504 400 33 125 327 215 206 99 729 747 998 860 137 440 263 360 328 702 267 625 124 587 749 450 719 767 231 793 601 169 380 398 760 987 513 372 928 281 674 913 382 592 890 921 681 677 50 407 931 659 630 86 99 625 317 612 383 323 528 568 289 791 492 566 31 555 891 89 856 142 951 561 347 572 233 917 162 550 673 106 487 801 687 420 830 733 114
444 492 945 191 324 350 142 644 943 676 681 325 684 7 924 6 28 489 679 850 265 916 315 860 2 399 656 117 84 444 880 53
404 333 659 181 210 432 700 588 88 368 539 480 588 742 277 463 473 823 665 71 709 672 676 691 742 608 48 799 22 765 320 630
353 42 783 425 797 879 394 499 274 321 907 755 793 348 759 994 697 838 418 726 248 621 18 133 383 140 401 654 201 314 991 533
566 532 239 357 747 196 368 371 340 65 856 56 780 809 148 463 676 636 659 80 906 116 707 508 156 26 507 570 382 234 508 497
649 793 778 911 212 582 215 618 838 207 825 21 821 502 203 781 489 564 170 436 501 435 865 254 399 146 687 938 349 669 470 148
458 828 752 760 905 397 509 473 730 364 88 27 443 266 363 285 393 579 336 372 335 556 754 700 621 157 627 888 141 156 463 996
650 18 576 776 258 234 508 824 542 231 748 722 199 101 590 895 51 419 141 358 272 615 624 758 744 26 616 50 590 158 518 906
360 221 268 407 262 540 450 375 50 816 741 954 664 703 219 651 0 363 634 211 433 674 705 227 560 801 7 25 785 67 347 94 
294 140 675 765 934 995 793 253 367 671 835 842 743 161 874 249 183 539 693 179 961 495 679 29 36 539 750 685 70 739 646 663
633 792 709 233 545 208 672 171 781 661 166 476 755 794 323 433 953 316 568 782 258 533 905 666 245 143 95 102 884 423 95 71
667 968 186 468 160 178 975 961 683 193 166 214 653 83 622 602 534 677 802 740 49 637 495 299 435 293 193 388 620 294 286 660
556 540 683 558 866 601 269 343 177 988 99 153 109 667 203 45 93 382 306 580 248 582 8 208 28 982 491 622 461 993 331 127
172 156 142 631 240 637 340 621 705 309 134 589 282 114 18 634 670 735 58 496 399 608 454 256 323 281 503 621 384 551 486 520
258 545 340 783 418 839 187 755 184 732 429 625 197 224 236 361 178 353 865 254 230 116 592 429 486 270 876 705 853 696 527 310
430 978 885 381 791 454 26 288 337 913 49 799 829 422 935 337 473 700 671 286 27 200 326 365 630 878 554 698 659 852 911 19
481 39 754 994 544 891 522 885 362 517 123 685 947 827 180 332 283 478 180 66 105 350 313 289 738 807 81 624 314 604 308 821
843 857 449 695 116 21 553 98 795 287 609 60 110 255 20 160 742 473 0 801 798 286 191 545 203 76 601 546 124 463 608 245
355 639 380 593 972 340 984 599 117 511 301 740 367 915 181 62 397 780 267 434 466 583 513 365 824 10 322 497 182 637 145 475
266 601 713 467 367 112 359 644 448 326 589 740 326 246 377 862 894 808 21 646 727 585 815 796 506 483 52 14 75 727 473 975
927 808 522 132 46 922 671 608 547 107 699 582 82 80 998 503 593 739 62 853 986 260 850 80 864 446 199 598 944 564 126 168
867 99 174 139 313 121 430 292 815 310 686 56 291 946 190 587 728 839 326 511 910 273 584 271 387 859 699 260 192 140 322 64
21 162 869 545 727 221 293 544 291 471 669 387 635 531 8 528 400 916 814 507 720 447 899 546 667 299 625 279 473 839 260 21
734 926 942 374 872 127 437 868 960 903 906 607 743 219 28 863 892 320 124 235 131 302 961 969 7 581 647 134 3 46 820 520
686 165 259 386 125 206 949 888 678 462 716 180 882 322 737 552 121 254 689 125 877 55 84 187 352 601 735 578 255 769 866 161
36 970 283 381 582 986 668 44 172 850 483 609 498 849 609 371 418 155 542 42 486 81 331 274 517 104 687 563 957 942 478 199
48 434 846 590 434 460 348 967 882 781 191 368 367 432 563 215 749 312 10 122 511 684 213 348 959 73 441 849 628 735 952 940
628 271 844 518 594 779 492 106 817 814 424 663 754 701 503 102 490 326 20 236 760 96 460 954 77 340 459 627 813 707 264 342
853 200 238 941 766 487 820 797 929 285 831 975 715 682 246 702 890 573 638 762 296 14 479 220 376 746 343 595 79 578 374 254
678 253 354 299 677 360 964 728 345 75 426 752 329 326 894 504 141 739 687 810 280 990 430 161 536 746 988 487 19 533 690 108
997 543 585 376 79 103 76 706 298 911 522 945 932 281 928 116 770 826 126 461 823 342 921 379 876 804 890 472 481 451 836 456
274 957 691 83 749 811 988 429 659 530 31 476 422 356 348 569 18 145 749 67 830 248 776 896 357 465 145 990 872 69 421 969
222 464 729 677 719 45 980 943 245 514 466 535 180 54 371 177 996 785 643 716 229 115 499 785 114 48 681 216 320 889 963 208
353 806 121 614 580 523 316 417 744 457 169 51 385 39 355 210 689 913 32 999 507 511 578 542 388 721 722 832 515 41 504 550
658 809 357 318 413 896 476 371 483 799 550 688 235 440 950 221 257 9 972 941 872 165 486 247 362 428 396 716 934 349 994 560
234 73 523 485 321 273 620 212 966 754 384 77 418 544 946 954 35 329 47 142 93 268 373 867 325 658 359 557 780 563 371 857
584 44 541 315 737 392 661 470 803 852 742 660 951 799 425 968 463 210 746 402 426 405 840 724 508 978 635 475 578 365 17 712
853 180 394 207 277 220 421 255 311 700 602 539 570 118 609 713 622 763 619 489 454 390 8 24 16 268 80 630 579 595 534 516
360 784 202 602 420 117 246 568 381 147 931 627 106 572 940 755 536 949 283 979 714 665 371 792 593 649 615 613 589 91 505 478
298 937 613 140 599 140 622 65 147 424 369 268 576 161 377 15 100 734 723 879 70 902 715 244 390 392 758 594 440 783 194 998
267 262 410 733 805 272 559 682 545 771 84 614 91 582 24 301 851 168 985 470 641 395 503 411 736 242 630 403 221 598 81 292
506 231 443 260 286 193 511 314 456 973 380 249 252 690 969 5 501 611 719 0 571 906 646 447 830 789 184 913 44 89 630 696
664 324 623 875 852 744 848 906 936 660 89 796 683 37 284 942 632 965 635 989 29 122 42 390 745 171 435 731 580 807 217 201
796 102 999 696 29 691 457 59 376 243 411 80 799 103 721 977 7 912 47 693 975 660 34 633 264 835 998 667 454 392 506 616
831 204 145 348 673 733 674 722 880 439 146 965 504 529 248 399 488 748 633 335 88 63 182 688 508 6 323 567 386 252 537 637
104 743 542 191 361 491 515 970 890 514 158 747 31 650 49 310 884 775 603 412 145 803 494 187 773 755 457 17 582 420 102 848
128 982 430 321 461 823 748 994 555 43 143 761 332 731 292 6 642 379 764 156 873 280 962 881 530 930 511 567 509 623 977 185
518 425 186 105 900 672 821 337 366 914 398 81 918 730 58 65 83 951 60 999 329 823 26 875 588 692 199 41 957 517 619 935
68 656 16 112 326 751 934 432 753 560 817 745 558 769 177 485 934 268 963 949 57 455 342 161 466 744 832 233 439 455 930 508
975 572 961 414 717 626 431 831 788 724 594 298 43 128 930 619 100 345 545 909 392 361 246 83 789 870 786 437 258 948 567 966
545 844 126 355 998 100 176 670 184 462 519 556 190 317 814 939 588 510 478 361 694 652 594 873 588 630 501 455 278 436 867 422
26 224 214 15 196 362 714 741 525 375 754 767 839 474 4 269 119 171 266 983 348 904 155 347 72 665 554 285 549 56 149 179
305 241 296 905 53 838 571 419 874 838 754 986 621 199 427 321 981 49 245 192 762 317 447 440 320 158 351 968 749 103 644 127
143 269 974 115 105 575 956 737 328 843 574 470 657 18 461 158 173 103 583 908 831 324 136 513 53 70 829 511 742 569 106 736
476 231 983 163 449 85 830 544 998 159 872 211 858 389 929 734 568 445 281 554 780 516 172 974 399 975 60 660 721 375 734 903
647 52 123 74 133 273 63 109 565 328 599 473 929 927 870 815 677 892 705 291 321 645 653 119 661 459 949 429 133 368 408 108
336 510 257 912 300 274 281 291 884 745 611 256 61 945 310 362 189 643 753 248 956 160 961 131 248 418 998 35 684 324 991 719
704 692 387 172 47 384 555 297 452 575 524 528 239 450 952 150 431 674 223 823 448 972 858 548 743 826 241 734 635 179 565 920
247 695 808 624 565 291 172 990 941 300 322 528 470 610 484 845 604 738 213 152 347 849 623 24 371 669 844 750 740 102 657 854
404 998 417 2 999 916 102 819 894 479 357 233 787 753 274 693 84 202 649 341 462 559 984 336 995 779 41 507 543 116 12 179
488 785 940 315 588 571 64 888 496 681 277 587 246 672 442 599 886 674 293 532 392 263 348 844 424 762 431 772 612 14 820 509
450 624 938 539 525 30 458 117 106 320 562 38 158 318 789 587 666 611 40 71 226 48 645 332 34 308 909 442 306 675 26 508
651 860 339 921 330 231 436 849 957 358 61 74 396 108 329 265 26 244 546 804 147 699 946 167 680 648 741 989 937 979 486 498
395 380 368 679 778 37 294 478 456 763 684 78 551 312 295 361 131 653 370 84 524 927 843 70 555 559 486 85 682 430 41 382
785 384 847 995 902 241 616 586 884 885 176 11 544 972 135 258 864 927 370 230 52 604 841 417 794 360 72 674 437 533 977 487
173 921 201 630 525 561 130 574 929 86 882 801 550 752 514 693 975 464 1 68 452 66 194 936 638 987 259 899 121 415 567 958
17 742 151 240 496 183 316 730 454 502 977 344 234 11 774 218 624 515 551 692 932 810 839 707 38 616 407 945 447 132 300 59
642 519 784 521 686 915 103 693 427 651 468 808 355 36 13 577 380 333 909 399 259 491 696 698 515 736 404 196 150 205 575 710
323 165 787 672 992 28 633 225 226 295 197 96 859 278 6 330 683 488 25 221 458 229 134 228 532 682 811 308 223 313 543 646
969 135 146 95 798 722 267 740 400 274 371 82 783 646 744 692 380 859 684 998 576 305 735 738 730 799 178 673 449 296 806 261
367 965 980 228 583 125 46 471 376 970 957 676 657 982 205 696 728 638 38 233 686 694 533 556 85 277 498 650 637 227 179 529
475 504 169 712 11 294 992 538 984 81 365 223 33 518 276 799 390 562 536 704 651 532 774 826 284 550 988 873 83 800 461 851
893 910 264 459 611 444 115 181 464 614 762 106 22 948 133 38 135 678 760 457 824 884 692 115 584 666 534 476 642 946 598 443
630 586 347 116 863 23 334 991 929 122 148 447 457 130 560 808 442 578 592 509 117 277 966 345 488 215 90 28 194 214 53 872
798 81 865 301 806 103 320 449 667 700 427 332 730 383 165 924 896 167 742 76 929 863 723 18 301 567 902 905 109 390 506 900
452 421 563 668 737 453 195 156 837 756 31 354 488 652 932 17 720 660 292 949 453 795 541 295 806 170 124 682 80 881 781 333
57 709 319 306 744 537 758 293 775 778 992 609 171 111 829 840 316 817 384 354 672 80 747 688 892 14 434 441 294 96 759 868
949 129 78 111 938 977 329 935 459 799 175 161 708 98 576 801 489 711 996 17 59 958 117 597 87 405 114 764 189 297 926 321
334 410 848 642 919 95 372 273 502 858 274 114 355 109 269 124 921 957 703 171 877 597 875 237 94 958 811 740 765 750 827 627
135 55 238 37 848 138 639 386 163 379 122 235 87 103 61 456 932 715 681 784 415 790 461 481 26 298 701 889 47 575 150 844
374 649 990 630 141 283 26 403 104 259 312 869 673 432 478 263 17 761 634 560 984 328 763 321 98 432 864 770 779 890 336 146
252 318 841 726 773 96 181 412 165 9 802 560 673 680 337 127 313 576 938 706 921 164 653 101 471 840 676 449 568 441 503 294
72 272 432 669 673 147 665 549 59 685 922 820 902 56 367 57 364 791 961 168 50 872 220 285 408 618 577 956 207 204 757 704
82 495 234 771 97 628 324 70 370 120 526 201 432 231 742 109 817 47 743 624 290 799 230 457 118 639 143 292 815 9 880 912
404 281 14 79 323 194 383 654 393 225 608 222 896 37 160 994 32 295 84 259 514 910 436 88 680 854 14 265 769 458 178 269
332 240 678 915 122 893 355 30 993 224 455 141 950 771 228 778 243 263 688 992 921 103 39 467 815 456 663 347 700 775 866 553
34 523 425 797 52 5 662 351 281 118 491 484 969 352 769 411 783 295 788 249 432 737 453 538 419 787 392 585 569 878 608 122
87 827 55 518 234 435 946 350 170 218 667 748 658 932 593 430 470 976 750 652 62 564 80 365 27 897 106 692 288 849 587 225
707 695 200 605 739 550 61 118 283 916 537 164 976 55 187 27 456 505 240 866 12 800 231 363 48 986 774 189 96 463 901 462
517 447 859 324 968 646 849 166 885 380 788 238 908 730 791 978 301 322 520 291 578 822 969 302 65 956 498 26 721 193 861 552
549 947 331 441 576 179 61 821 344 91 404 672 461 124 325 946 508 484 456 295 543 934 808 604 71 865 144 195 453 902 763 337
709 372 741 694 244 302 968 300 739 840 666 443 900 334 925 181 917 822 742 518 715 366 475 46 161 9 711 890 65 686 583 775
74 977 586 89 675 95 756 171 255 732 524 263 281 383 175 353 545 712 372 799 464 48 378 988 144 762 798 109 128 265 50 947
599 27 426 371 830 332 592 890 483 413 459 348 683 991 411 719 584 611 473 19 875 67 445 214 396 46 303 749 232 824 570 285
410 632 421 251 229 415 92 32 192 310 551 650 979 270 650 119 329 981 5 27 831 208 748 91 540 92 721 50 993 706 768 109 
275 451 564 483 879 743 856 527 253 460 713 320 992 333 586 584 485 673 223 636 770 182 879 340 233 445 148 916 284 183 484 322
835 681 909 481 348 108 932 653 715 913 455 319 411 147 972 964 163 4 521 473 852 629 342 337 146 424 744 291 769 760 7 717
906 300 650 238 694 231 817 347 266 28 355 808 643 144 169 457 884 912 818 593 798 349 393 810 752 429 269 86 367 796 607 743
711 667 737 178 994 759 221 129 1 245 587 216 889 685 287 688 40 340 938 555 584 607 968 71 2 404 547 719 559 115 238 125
579 382 796 765 891 37 841 406 888 13 929 178 605 57 192 865 966 81 2 192 209 58 756 624 417 374 538 572 544 238 602 554
781 125 977 430 279 103 53 940 841 394 219 365 270 244 890 547 334 701 192 304 466 590 587 252 228 138 498 70 851 76 85 765
230 353 34 574 542 856 986 609 641 695 131 648 924 855 375 952 761 82 597 427 866 948 47 932 308 41 515 68 495 5 286 381
709 370 318 638 393 957 910 182 947 65 936 172 329 497 622 878 735 648 65 600 786 875 470 456 633 505 278 232 517 562 252 915
179 254 245 260 32 695 619 11 356 202 738 817 802 170 287 246 919 902 581 601 785 507 802 736 890 269 305 888 749 978 553 463
240 399 63 352 682 55 119 104 343 113 473 431 458 34 778 632 618 124 191 476 752 909 809 107 104 842 718 709 278 877 132 777
131 508 156 564 128 717 564 52 786 583 677 901 359 250 646 660 7 674 313 706 831 608 637 187 242 818 699 495 985 347 453 193
501 62 668 510 641 519 625 568 973 243 718 316 665 833 965 145 207 457 889 811 421 524 413 550 913 331 34 622 5 173 428 934
405 388 647 848 518 463 422 485 66 733 28 501 257 264 255 720 674 920 1 278 250 506 17 53 596 64 337 433 499 762 649 809
772 822 205 432 846 780 290 288 398 541 639 86 343 950 482 906 575 591 792 869 232 633 240 976 180 774 58 242 418 523 228 282
937 316 750 854 970 327 15 516 412 164 183 367 82 227 63 573 719 774 237 310 908 841 92 951 497 999 244 399 203 951 958 169
645 63 826 748 258 191 828 128 25 713 357 914 498 591 934 249 249 854 682 834 9 66 564 729 714 587 239 689 621 78 309 406
47 334 810 713 869 852 713 667 960 540 455 565 569 3 407 512 22 990 766 641 821 101 96 415 944 464 291 704 161 24 506 280
400 481 140 316 988 486 567 566 415 846 606 594 292 350 83 128 533 191 497 202 656 505 345 1 402 104 175 236 103 142 990 737
672 865 858 398 286 198 804 377 694 142 771 79 998 144 472 683 919 704 179 959 619 927 413 63 249 754 269 580 286 711 879 767
934 693 66 767 228 19 985 468 510 180 740 532 733 666 840 647 187 161 252 854 766 245 621 601 516 975 317 1 503 403 511 323
899 949 6 270 837 142 422 167 983 97 675 507 337 283 593 844 290 434 684 104 16 37 505 431 644 173 821 35 105 123 204 636
222 930 444 189 858 989 412 313 104 268 263 523 443 363 429 756 284 476 347 357 777 271 586 256 712 534 726 722 5 398 728 364
664 243 750 74 827 842 393 707 810 685 95 835 939 435 723 445 168 550 642 533 179 841 526 133 441 18 968 70 834 756 66 745
929 40 427 982 71 981 558 966 140 349 293 972 968 418 530 329 815 697 335 56 212 109 279 774 495 200 620 822 249 814 881 909
55 786 739 169 406 76 316 823 543 571 344 662 467 464 660 478 504 803 27 85 588 595 475 707 873 896 584 460 234 954 591 102
29 487 854 699 209 497 522 137 642 975 800 905 163 654 368 549 388 534 383 749 812 977 428 347 520 770 597 502 724 187 59 156
241 2 468 68 344 772 247 651 934 265 813 204 41 691 126 853 562 866 665 216 875 633 433 768 19 31 460 669 216 214 597 561
188 656 413 43 3 123 13 460 323 154 135 497 573 511 86 520 227 549 507 86 99 403 537 88 59 198 339 185 765 669 501 155
541 931 817 361 560 936 323 245 584 433 350 294 326 210 688 100 991 953 67 999 521 749 934 84 807 567 236 9 380 647 747 900
381 10 176 798 26 58 129 878 206 439 570 540 820 581 980 730 405 454 107 330 511 601 567 420 768 514 446 374 860 101 295 338
427 229 282 562 591 498 831 47 12 819 580 682 672 807 530 130 125 738 290 656 925 46 828 808 622 728 169 177 334 981 322 205
272 397 63 133 775 423 581 791 3 301 458 674 682 304 890 980 681 39 504 361 642 637 93 919 920 673 364 424 649 633 450 287
684 937 512 494 819 465 675 808 818 621 349 203 513 881 757 472 78 436 309 29 567 548 882 706 391 891 897 252 678 329 752 255
838 50 915 367 59 416 697 912 738 828 766 460 550 41 345 757 895 786 328 980 396 190 3 777 402 472 927 604 317 804 53 900

